tree
version=v4
num_class=1
num_tree_per_iteration=1
label_index=0
max_feature_idx=61
objective=regression
feature_names=Column_0 Column_1 Column_2 Column_3 Column_4 Column_5 Column_6 Column_7 Column_8 Column_9 Column_10 Column_11 Column_12 Column_13 Column_14 Column_15 Column_16 Column_17 Column_18 Column_19 Column_20 Column_21 Column_22 Column_23 Column_24 Column_25 Column_26 Column_27 Column_28 Column_29 Column_30 Column_31 Column_32 Column_33 Column_34 Column_35 Column_36 Column_37 Column_38 Column_39 Column_40 Column_41 Column_42 Column_43 Column_44 Column_45 Column_46 Column_47 Column_48 Column_49 Column_50 Column_51 Column_52 Column_53 Column_54 Column_55 Column_56 Column_57 Column_58 Column_59 Column_60 Column_61
feature_infos=[-0.10569106042385101:0.2761194109916687] [-0.4124513566493988:0.61935484409332275] [-0.62209302186965942:1.6021276712417603] [-0.6445993185043335:3.7983293533325195] [-0.84775638580322266:5.0408496856689453] [-0.20105819404125214:0.22844827175140381] [-0.40546330809593201:0.48136499524116516] [-0.52826178073883057:1.0720930099487305] [-0.70468705892562866:2.3142385482788086] [0:0.18764056265354156] [0.00094245566288009286:0.50448030233383179] [0.0033210658002644777:0.68378251791000366] [0:0.22357723116874695] [-0.18947368860244751:0] [0:1] [0:0.22357723116874695] [-0.35906040668487549:0.21637426316738129] [-0.11538461595773697:0.25228890776634216] [-0.10569106042385101:0.2761194109916687] [0:0.66453266143798828] [-0.44036698341369629:0] [0:1.670769214630127] [-0.61326444149017334:0] [0:1.8333333730697632] [-0.7960706353187561:0] [0:6] [-0.85106384754180908:0] [-0.99814772605895996:226.16082763671875] [-0.99633634090423584:113.33464050292969] [-0.98352718353271484:33.127376556396484] [-0.90165048837661743:36.604934692382812] [-0.99785012006759644:3.9523591995239258] [-0.99859005212783813:8.8188400268554688] [-0.99863982200622559:14.021302223205566] [-0.99955111742019653:0.99986046552658081] [-0.98288100957870483:0.99515563249588013] [-0.95146876573562622:0.98608577251434326] [-0.2576325535774231:0.23478534817695618] [-0.4705086350440979:0.72796374559402466] [-0.35528144240379333:0.41779392957687378] [0:100] [0:0.89999997615814209] [0:0.94999998807907104] [0.020537124946713448:1.8333333730697632] [-0.032167833298444748:0.19310761988162994] [0.62250000238418579:454.59298706054688] [0.68680000305175781:428.79400634765625] [0.61007595062255859:460.19973754882812] [0.64885550737380981:446.99017333984375] [0.46947550773620605:454.99111938476562] [0.52600002288818359:471.22198486328125] [0.57089990377426147:502.32998657226562] [-6560437760:24733474816] [-940078912:2057988992] [0.73929566144943237:415.88760375976562] [0.55102366209030151:420.2039794921875] [0.71115297079086304:488.03024291992188] [0.49000000953674316:422.92999267578125] [0.74000000953674316:484.82998657226562] [5.5963754653930664:75.545928955078125] [5.5490002632141113:75.441398620605469] [0.02264474518597126:109.11412811279297]
tree_sizes=5886 5938 5958 5973 5994

Tree=0
num_leaves=63
num_cat=0
split_feature=8 49 26 46 9 26 45 24 23 8 8 52 8 8 52 52 50 22 15 30 61 30 55 15 20 26 15 26 60 20 25 20 21 52 60 12 38 21 52 26 22 59 40 25 22 52 52 7 44 24 7 30 7 52 31 55 15 58 36 52 46 52
split_gain=48.7091 31.5666 17.4222 14.5102 12.3245 9.41976 7.33363 7.35492 6.19609 6.01456 5.21171 4.80564 4.56963 4.13005 3.9411 3.89354 4.25782 3.83845 3.82075 2.87202 3.63349 3.15854 3.03253 2.83009 2.74856 2.42774 2.38999 2.38733 2.37772 2.49143 2.35308 2.34618 2.24179 2.21712 2.16774 2.06625 2.01798 2.01369 2.3556 2.27624 4.20801 2.00678 2.06793 1.95823 1.94307 1.91714 1.87792 1.84183 1.89057 1.72783 1.72602 1.69107 1.65022 1.57722 1.53418 1.51364 1.46778 1.46733 2.02265 1.45828 1.45772 1.45478
threshold=-0.19305104017257688 4.3916132450103769 -0.31023170053958887 1.6963000297546389 0.043961299583315856 -0.30541206896305079 13.740250110626222 -0.16541134566068647 0.16554659605026248 -0.12681140005588529 -0.27841266989707941 169176320.00000003 -0.0018566037178970871 -0.037117315456271165 110423148.00000001 525844112.00000006 1.4089999794960024 -0.069914650171995149 0.01404588343575597 0.30272659659385687 1.2032981514930727 0.82934579253196727 4.1296737194061288 0.042404355481266982 -0.042489577084779732 -0.24547543376684186 1.0000000180025095e-35 -0.44039765000343317 58.483833312988288 -0.083429232239723192 1.0000000180025095e-35 -0.028512163087725636 0.11866547167301179 4150840064.0000005 26.742649078369144 0.023491246625781063 0.035154003649950034 0.13348453491926196 928757088.00000012 -0.11444397270679472 -0.049208642914891236 51.463592529296882 72.269824981689467 0.17888246476650241 -0.059086622670292847 691608608.00000012 1009634688.0000001 -0.075220420956611619 -0.0058457006234675637 -0.094429116696119295 -0.14849812537431714 3.1358404159545903 0.0077278371900320062 -532865103.99999994 -0.14803776890039441 4.7078449726104745 0.026398335583508018 2.6550000905990605 0.54681816697120678 149440560.00000003 4.3250999450683603 2429959168.0000005
decision_type=2 2 2 2 2 2 2 2 2 2 2 2 2 2 2 2 2 2 2 2 2 2 2 2 2 2 2 2 2 2 2 2 2 2 2 2 2 2 2 2 2 2 2 2 2 2 2 2 2 2 2 2 2 2 2 2 2 2 2 2 2 2
left_child=4 3 26 13 28 19 7 12 14 49 15 31 -4 -2 24 16 -6 47 36 22 34 43 46 -18 -7 -14 30 41 29 -1 -3 -11 -27 37 -21 -33 -15 39 -39 53 -41 42 61 -22 -12 -8 -5 48 -10 -9 59 -34 -52 -20 -44 -43 -46 58 -49 -19 -29 -28
right_child=1 2 6 5 10 8 45 9 17 11 44 -13 25 18 -16 -17 23 50 33 20 21 -23 -24 -25 -26 32 27 60 -30 -31 -32 35 51 -35 -36 -37 -38 38 -40 40 -42 55 54 -45 56 -47 -48 57 -50 -51 52 -53 -54 -55 -56 -57 -58 -59 -60 -61 -62 -63
leaf_value=0.013831989836369372 0.0092475968312221296 0.015422228961653919 0.010987213867380391 0.0057498664064781282 0.033256217468840069 0.0094762360702284488 0.0072687985143652274 0.011473686239327537 0.012772688438867615 0.0081611482707786565 0.015934268259110075 0.0072689629541638576 0.0077385090050929957 0.013437733644239728 0.0080378292726828934 0.0063928607226390677 0.0093973583759373695 0.015097795031402288 0.0073350257639839735 0.0048292728299058427 0.013429443851867617 0.0040507530633393553 0.016788602002752825 0.019255566842657775 0.0085529863153585763 0.0087746065238475928 0.0056163561472877222 0.0089359046205841515 0.021104845869741713 0.009942860018088702 0.0041285777129066404 0.0075264523714798377 0.012202375034440868 0.0055797671756427428 0.0098471182665389716 0.0082264790377745197 0.02701081190274764 0.01393786718340503 0.025994078642668922 0.029107166994067974 0.012588880236189849 0.008149271225600772 0.011493891537596645 0.0042061203705175158 0.0044477841982491651 0.0061285405629822997 0.0022284997796619167 0.010438718092745778 0.021474241174201863 0.0088235247399492799 0.0089949759379780916 0.0068466428301918285 0.011986880428452966 0.012657562895913587 0.0067902651652748721 0.0031003461575431265 0.012492272664813842 0.010381515028967465 0.022989219605710313 0.0090119430219476847 0.0063987892456282705 0.0020908993248965179
leaf_weight=472 726 136 2349 2065 52 11123 49143 674 374 42590 495 47499 4964 51 28569 61 89 232 153 249 171 893 55 641 29969 4908 2637 574 53 3784 66 48382 889 88 1453 13434 82 123 69 59 127 157 221 83 56 4019 481 85 81 8136 10035 168 490 965 792 1293 1059 1807 58 190 16373 343
leaf_count=472 726 136 2349 2065 52 11123 49143 674 374 42590 495 47499 4964 51 28569 61 89 232 153 249 171 893 55 641 29969 4908 2637 574 53 3784 66 48382 889 88 1453 13434 82 123 69 59 127 157 221 83 56 4019 481 85 81 8136 10035 168 490 965 792 1293 1059 1807 58 190 16373 343
internal_value=0.00793824 0.00785475 0.0075643 0.00865243 0.0121401 0.00854711 0.00769613 0.00785333 0.00867951 0.00775976 0.014975 0.00768596 0.00898401 0.0124549 0.00848986 0.0181929 0.0191457 0.00966706 0.0137957 0.00653513 0.00764187 0.00546037 0.00533277 0.0180897 0.00880352 0.00855105 0.00623993 0.0061903 0.0105199 0.0103807 0.0116085 0.00787591 0.0092314 0.013084 0.00909763 0.00767899 0.0220335 0.0135428 0.0184361 0.0127994 0.0180053 0.00527372 0.00586494 0.0103159 0.0132719 0.00718211 0.00507379 0.0114819 0.0143898 0.0090293 0.00926593 0.0113274 0.00913683 0.0119069 0.00784234 0.00366414 0.0120644 0.010789 0.0157381 0.0124214 0.00648622 0.00520127
internal_weight=347415 340653 249747 90906 6762 88463 227155 173993 83013 160715 2453 151905 13278 2443 69661 843 782 13352 1717 5450 2849 1147 2601 730 41092 10929 22592 22390 4309 4256 202 104406 5965 1584 1702 61816 133 1496 192 1304 186 5443 3993 254 1610 53162 2546 2405 455 8810 10947 1057 10525 1118 1013 1450 1115 1950 143 422 16947 2980
internal_count=347415 340653 249747 90906 6762 88463 227155 173993 83013 160715 2453 151905 13278 2443 69661 843 782 13352 1717 5450 2849 1147 2601 730 41092 10929 22592 22390 4309 4256 202 104406 5965 1584 1702 61816 133 1496 192 1304 186 5443 3993 254 1610 53162 2546 2405 455 8810 10947 1057 10525 1118 1013 1450 1115 1950 143 422 16947 2980
is_linear=0
shrinkage=1


Tree=1
num_leaves=63
num_cat=0
split_feature=8 57 4 9 49 26 43 39 57 43 8 52 54 15 4 22 52 54 54 52 60 53 26 54 52 54 35 25 53 11 30 54 30 20 15 11 15 4 21 24 26 11 52 61 26 52 52 45 26 25 22 21 4 8 26 28 12 58 30 44 54 58
split_gain=42.0573 27.508 17.6442 13.1982 12.3248 8.65553 8.24755 8.16071 6.39754 6.90903 6.01642 4.77196 4.66937 5.44183 4.59948 3.50354 3.41291 3.16165 3.08463 3.0368 2.76944 2.66348 2.57892 3.50495 2.28263 2.08886 2.80043 1.99396 2.60102 1.97782 1.8287 1.74678 2.2923 1.73781 1.72682 1.9334 1.71813 1.71797 1.71454 1.6969 1.72547 1.66772 1.62995 3.2244 1.62909 1.56944 3.25823 1.57253 3.93113 6.0671 1.5598 1.53117 1.48011 1.46498 1.4174 1.39785 1.38529 1.37383 2.43211 1.36772 1.34542 1.98446
threshold=-0.17643503844738004 4.3150000572204599 0.26962332427501684 0.046892687678337104 1.8735372424125674 -0.30541206896305079 0.27349174022674566 0.12175835296511651 8.055000305175783 0.27109745144844061 -0.27841266989707941 75587480.000000015 2.4906022548675542 0.023333663120865825 0.56406763195991527 -0.086912833154201494 191643808.00000003 10.743131160736086 2.8074557781219487 1458257344.0000002 26.867343902587894 -22784660.999999996 -0.3362129926681518 8.957829952239992 -107043683.99999999 2.1486153602600102 0.56434676051139843 0.28643427789211279 -17108490.999999996 0.062804833054542555 6.5446848869323739 5.0377333164215097 1.8040380477905276 -0.042489577084779732 0.10094373673200609 0.043293239548802383 1.0000000180025095e-35 0.067573674023151412 0.29414993524551397 -0.12449527531862258 -0.22388740628957746 0.022400045767426494 -136750199.99999997 1.4879058599472048 -0.32508940994739527 -532865103.99999994 -77287367.999999985 1.6902500391006472 -0.11444397270679472 0.16837914288043979 -0.053595693781971925 0.12643984705209735 -0.073086276650428758 0.16116405278444293 -0.6009685993194579 1.4907772541046145 0.021793138235807422 4.1749999523162851 0.47955322265625006 0.032154606655240066 2.1486153602600102 1.8650000095367434
decision_type=2 2 2 2 2 2 2 2 2 2 2 2 2 2 2 2 2 2 2 2 2 2 2 2 2 2 2 2 2 2 2 2 2 2 2 2 2 2 2 2 2 2 2 2 2 2 2 2 2 2 2 2 2 2 2 2 2 2 2 2 2 2
left_child=3 4 8 15 7 19 11 18 9 16 12 24 -5 -14 29 51 17 41 27 20 -6 -8 53 39 -7 26 -23 28 -2 -4 -31 -27 -33 -26 35 -22 -16 -13 -29 40 -24 -3 43 -25 -43 -30 60 48 -48 -50 -12 -1 -10 -11 59 -15 -52 58 -21 -37 61 -47
right_child=1 2 14 10 5 6 21 -9 52 22 50 37 13 55 36 -17 -18 -19 -20 57 34 25 23 42 33 31 -28 38 45 30 -32 32 -34 -35 -36 54 -38 -39 -40 -41 -42 44 -44 -45 -46 46 47 -49 49 -51 56 -53 -54 -55 -56 -57 -58 -59 -60 -61 -62 -63
leaf_value=0.002903250427121229 0.00053091083767123088 -0.00024921588241572432 -0.0015685421125766687 0.024476977979120254 -0.0028139850931977362 0.00017414565524475267 0.00050675319086654585 0.01914025075543838 -0.00025228612643402428 -0.0042299657956476507 0.0069827697937018193 0.00027112398502207694 -0.0037716934524614043 0.010908818152749607 0.0042593693571731624 0.0016232330382885227 -0.00057878850217524442 0.0054129057401744061 0.014536686403165877 -0.005422686944817668 -0.0027387430931466363 0.0001173367369236476 0.0006582903393091955 0.0015697604813397414 0.0017420390595795654 0.0020347409501014044 0.015927921157921979 0.00075661044725018861 -0.00034466136348991521 -0.00042661685416308997 -0.0054671172347896292 0.0034978491500835557 0.011831210943606941 0.00083486547413292504 -0.0024624852664305052 0.0096018169178551799 -0.0027628655679258832 -0.00046844899188655309 0.010019942587685017 0.00040046779562746734 0.0027602548396666194 -0.0027560979762643995 0.0030103291884514918 0.018685310197659562 0.00027470784998435038 0.0067673746581658444 0.0037409462911494142 0.002291962464493931 0.025672696524225505 0.0028356838873342463 -0.00027761916826930452 0.0068651005003300368 -0.00065354044901886623 0.00062784869481834617 0.00034046984010520495 0.0017575067685296139 0.0043435479489607656 -0.0058718378873628858 0.0034629729552352558 0 0.0011320921698418575 0.015014339938322652
leaf_weight=552 658 27757 13009 53 1371 9713 2361 78 35329 331 541 24624 74 629 85 5756 27419 276 56 173 505 54 1909 67 7163 6463 66 1398 174 7514 185 844 95 21048 750 83 6975 11521 52 5511 2084 446 1555 51 44317 236 700 1116 56 66 178 490 67094 277 3378 52 1113 471 135 74 61 122
leaf_count=552 658 27757 13009 53 1371 9713 2361 78 35329 331 541 24624 74 629 85 5756 27419 276 56 173 505 54 1909 67 7163 6463 66 1398 174 7514 185 844 95 21048 750 83 6975 11521 52 5511 2084 446 1555 51 44317 236 700 1116 56 66 178 490 67094 277 3378 52 1113 471 135 74 61 122
internal_value=-7.8365e-06 -9.98742e-05 -0.000383489 0.00328406 0.000617878 0.00048749 0.000627975 0.0030953 -0.000229773 3.11917e-05 0.00628898 0.000446505 0.00991082 0.00883968 -0.00156955 0.00211304 -0.00010325 7.55232e-05 0.0028214 -0.00120825 -0.000831079 0.0019854 0.00117651 0.00135037 0.000838332 0.00244612 0.00905064 0.00267304 0.00337589 -0.00119158 -0.00055133 0.00233507 0.00437341 0.00106612 -0.000258076 0.000145225 -0.00267448 3.46947e-05 0.00110939 0.00097511 0.0017618 5.4828e-05 0.00346628 0.00922576 0.000243921 0.0041054 0.00444452 0.00355615 0.00523965 0.0135843 0.00467566 0.00479269 -0.000515381 -0.001977 0.00056462 0.0102485 0.00368717 -0.00415673 -0.00144766 0.0052123 0.00848478 0.00966455
internal_weight=347294 337856 242191 9438 95665 90892 83952 4773 214423 112000 2640 74069 808 755 27768 6798 100215 72796 4695 6940 6161 9883 11785 11177 37924 7522 120 4639 3189 20708 7699 7402 939 28211 4790 4040 7060 36145 1450 9504 3993 72520 1673 118 44763 2531 2357 1938 822 122 1832 1042 102423 608 3535 681 1291 779 308 157 419 358
internal_count=347294 337856 242191 9438 95665 90892 83952 4773 214423 112000 2640 74069 808 755 27768 6798 100215 72796 4695 6940 6161 9883 11785 11177 37924 7522 120 4639 3189 20708 7699 7402 939 28211 4790 4040 7060 36145 1450 9504 3993 72520 1673 118 44763 2531 2357 1938 822 122 1832 1042 102423 608 3535 681 1291 779 308 157 419 358
is_linear=0
shrinkage=0.05


Tree=2
num_leaves=63
num_cat=0
split_feature=8 57 4 46 10 26 43 57 43 51 15 15 4 2 54 26 54 59 30 8 28 46 54 53 4 26 54 30 46 54 60 54 30 15 4 25 29 7 43 54 24 57 55 30 51 11 10 11 30 36 10 24 44 30 4 11 20 53 60 25 55 26
split_gain=38.6491 25.1556 14.8209 11.4732 11.1543 8.30405 9.03365 5.95434 7.03576 4.40162 6.32622 4.39547 3.2687 3.18579 3.02772 2.96156 3.44373 2.62351 2.60412 2.53709 2.54332 2.41762 2.66364 2.40794 2.20006 2.25984 2.07424 11.7077 2.28182 2.06668 2.00307 3.21886 1.95506 1.91952 1.85464 1.7932 1.70954 1.74168 2.24693 1.73094 1.72649 1.70277 1.70034 1.86002 2.42163 2.31686 1.71149 1.69543 1.63478 1.58604 1.55416 1.50954 2.58801 2.12822 1.4645 1.53487 1.51789 1.4061 1.3998 1.3556 1.34362 1.32845
threshold=-0.19305104017257688 4.3150000572204599 0.26962332427501684 1.6963000297546389 0.083246212452650084 -0.30541206896305079 0.31451916694641119 8.055000305175783 0.2666482031345368 1.4719275832176211 0.024902860634028915 0.014734307304024698 0.56406763195991527 0.078501485288143172 11.04470205307007 -0.31518563628196711 8.957829952239992 27.000454902648929 2.8398073911666875 -0.27841266989707941 1.8499025106430056 2.2498999834060673 2.6151760816574101 -4332019.7499999991 -0.10061288625001906 -0.2593505978584289 5.1033565998077401 1.6321126818656924 3.3644999265670781 4.8038604259490976 17.131398200988773 9.5604310035705584 3.1358404159545903 0.0092123462818563002 -0.073086276650428758 0.24445763230323794 0.093903962522745146 0.03259220905601979 0.39694727957248693 1.4919459819793703 -0.089931365102529512 10.175000190734865 4.4219994544982919 0.30272659659385687 4.2141685485839853 0.13495481014251712 0.095352601259946837 0.071191679686307921 6.5446848869323739 0.9087282419204713 0.025413420051336292 -0.17552258819341657 0.0019709961488842969 -0.23264805227518079 0.15768433362245562 0.035728840157389648 -0.026310914196074005 -28516636.999999996 58.483833312988288 0.20679575204849246 4.1847589015960702 -0.20943893492221829
decision_type=2 2 2 2 2 2 2 2 2 2 2 2 2 2 2 2 2 2 2 2 2 2 2 2 2 2 2 2 2 2 2 2 2 2 2 2 2 2 2 2 2 2 2 2 2 2 2 2 2 2 2 2 2 2 2 2 2 2 2 2 2 2
left_child=4 3 7 11 41 17 21 8 14 -6 -11 13 47 -2 24 -10 49 -5 26 20 -12 22 57 -13 25 -3 28 -28 -8 54 31 -18 42 -14 51 61 59 40 -39 -40 -38 58 43 60 -45 -46 -44 -4 -49 -17 -26 52 53 -9 56 -56 -23 -7 -1 -25 -19 -30
right_child=1 2 12 5 9 6 18 34 15 10 19 23 33 -15 -16 16 30 32 -20 -21 -22 29 -24 36 50 -27 27 -29 35 -31 -32 -33 -34 -35 -36 -37 37 38 39 -41 -42 -43 46 44 45 -47 -48 48 -50 -51 -52 -53 -54 -55 55 -57 -58 -59 -60 -61 -62 -63
leaf_value=0.0029945106488307826 0.0044975484494730903 -0.0033329604069198904 -0.0013986425371379412 -0.0029987582631761898 0.01878069107833016 -0.00074345620159431923 0.0037632380431226993 0.014009427890886326 -0.0016269153354844777 -0.0045167339303254081 0.010441771549559288 0.0015125701128362976 0.0045408316586321041 0.018781087381114975 0.0061124550541077193 0.00076281640464834709 0.015229077836036534 -0.0020664952704851701 0.00022251519309837416 0.0055529453990813323 -0.00031420982333722416 0.00069188909427882119 0.0093763545976002574 0.0047590314607085966 -0.00038919642946886115 0.00036873071244404278 0.003556816774808646 0.028704009250285895 0.001781805984672368 0.0012402867728102361 0.0026900224073643712 0.0027161149737713417 -0.0029340116401003397 -0.0024737162729776625 -0.00063980686364110213 0.00078230660114557242 0.018919040385398819 0.003145141983508399 0.017603932778772893 0.0045338863151593379 0.0065719974307613758 0.0011336041878196054 0.00097750349390299143 0.0019974377829019246 -0.00016038968361683752 -0.0058380837036184673 0.010189806879022901 -0.00022117238811963135 -0.0050293512948766817 0.0028304289012874642 0.00011028319867067017 -0.00025882937182112909 0 0.0032374843460315911 -0.0012246850540855137 0.00024793356718495096 0.00018221638798994423 0.0015519000377604822 0.011189147508661221 0.00010841297336108625 0.0039235072406919652 0.0060374259940064977
leaf_weight=3108 84 418 15063 1504 78 739 2055 55 894 119 662 1011 96 84 195 9144 89 1675 1164 982 55 26837 104 442 54226 23568 627 50 463 6919 1649 136 789 6918 67332 2106 56 347 58 57 77 1643 185 1224 1201 213 73 5526 183 1046 21752 35088 914 354 2919 4442 32445 5742 55 260 96 332
leaf_count=3108 84 418 15063 1504 78 739 2055 55 894 119 662 1011 96 84 195 9144 89 1675 1164 982 55 26837 104 442 54226 23568 627 50 463 6919 1649 136 789 6918 67332 2106 56 347 58 57 77 1643 185 1224 1201 213 73 5526 183 1046 21752 35088 914 354 2919 4442 32445 5742 55 260 96 332
internal_value=-6.45209e-06 -8.04237e-05 -0.000350025 0.000603658 0.00375353 0.000514757 0.000647974 -0.000210585 4.01179e-05 0.00700793 0.00648406 0.0039644 -0.00143738 0.0118222 -0.000101491 0.00113657 0.00134349 -0.00114573 0.00239899 0.00727038 0.00958221 0.00049915 0.00141855 0.00337916 -0.000113893 0.000303112 0.00284424 0.00547078 0.00247989 0.0004165 0.00331872 0.00779934 -0.00063011 -0.00237383 -0.000484181 0.00156169 0.00481374 0.00682069 0.00526155 0.0113899 0.0120094 0.00246385 -0.000234985 -0.000471045 0.000362601 -0.00103509 0.00369547 -0.00111993 -0.000380102 0.000977638 -0.00024587 -0.000195702 0.0014591 0.00476242 0.00033059 -0.00033268 0.000413371 0.00128628 0.00314665 0.00307347 -0.00172667 0.0035931
internal_weight=347728 341026 244646 96380 6702 93904 86944 216860 113117 1896 1818 2476 27786 168 100159 12958 12064 6960 6797 1699 717 80147 6585 2308 99964 23986 5633 677 4956 73562 1874 225 5456 7014 103743 2901 1297 595 462 115 133 4806 4667 4409 2638 1414 258 20772 5709 10190 75978 36411 1323 409 66643 7361 59282 6481 3163 702 1771 795
internal_count=347728 341026 244646 96380 6702 93904 86944 216860 113117 1896 1818 2476 27786 168 100159 12958 12064 6960 6797 1699 717 80147 6585 2308 99964 23986 5633 677 4956 73562 1874 225 5456 7014 103743 2901 1297 595 462 115 133 4806 4667 4409 2638 1414 258 20772 5709 10190 75978 36411 1323 409 66643 7361 59282 6481 3163 702 1771 795
is_linear=0
shrinkage=0.05


Tree=3
num_leaves=63
num_cat=0
split_feature=8 57 26 10 47 26 43 38 43 57 61 52 54 51 15 52 54 8 52 11 26 52 26 35 25 43 52 11 11 28 15 60 54 57 7 21 20 20 20 12 25 26 47 15 26 61 57 52 53 53 7 25 19 9 21 23 10 8 57 53 20 39
split_gain=34.6512 23.0162 12.9591 12.2541 11.1666 7.13626 6.91976 6.44653 6.38988 4.55892 4.20496 4.18475 4.12591 4.10493 4.90864 3.86283 2.97444 2.85373 2.6695 2.49338 2.48853 2.34057 2.24763 2.18245 2.15791 2.14778 2.29175 2.1547 2.78086 2.98089 2.11093 2.08786 4.01365 2.08423 2.06069 1.94202 1.82142 1.8068 1.77805 1.78889 1.7482 2.17915 3.4724 1.65936 1.82813 1.61356 2.64888 2.40698 1.60405 1.56025 1.52909 2.0376 1.46664 2.31806 1.46493 1.46284 1.39146 1.36415 1.31277 1.3111 1.19555 1.18778
threshold=-0.17643503844738004 4.3150000572204599 -0.31023170053958887 0.075028285384178175 1.9573138356208803 -0.30541206896305079 0.30430164933204656 0.19494820386171344 0.27109745144844061 8.055000305175783 2.634850382804871 83954188.000000015 2.6151760816574101 1.4719275832176211 0.046487044543027885 114600788.00000001 8.957829952239992 -0.27841266989707941 1458257344.0000002 0.04480037838220597 -0.6009685993194579 -95705803.999999985 -0.221807986497879 -0.14403096586465833 0.29454812407493597 0.37503691017627722 221004264.00000003 0.025352543219923977 0.040244106203317649 0.94980666041374218 0.014400460757315161 16.867605209350589 9.5604310035705584 10.085000038146974 0.047972122207283981 0.27487045526504522 -0.042489577084779732 -0.072415631264448152 -0.032171279191970818 0.043943628668785102 0.15587631613016131 -0.11444397270679472 1.690045237541199 0.11297575384378435 -0.6009685993194579 5.2354240417480478 6.6649999618530282 1594341824.0000002 -4989399.7499999991 34494046.000000007 -0.0072147808969020835 0.24243900179862979 0.040057744830846793 0.028593450784683231 0.010961455758661033 0.15554539114236834 0.024426537565886978 -0.09482326358556746 2.1650000810623173 -1989147.4999999998 -0.086377918720245347 -0.034042218700051301
decision_type=2 2 2 2 2 2 2 2 2 2 2 2 2 2 2 2 2 2 2 2 2 2 2 2 2 2 2 2 2 2 2 2 2 2 2 2 2 2 2 2 2 2 2 2 2 2 2 2 2 2 2 2 2 2 2 2 2 2 2 2 2 2
left_child=3 4 20 33 7 18 11 12 10 16 15 21 24 -5 30 38 48 -16 19 -6 45 61 59 -22 25 26 27 -2 29 40 -15 32 -18 60 37 -26 -23 52 -4 -40 41 -29 -43 44 -21 46 -3 -48 -10 -28 -25 -52 -24 -54 -30 -27 -17 58 -13 -8 -1 -7
right_child=1 2 8 13 5 6 22 -9 9 -11 -12 57 -14 14 17 56 31 -19 -20 43 23 36 34 50 35 55 49 28 54 -31 -32 -33 -34 -35 -36 -37 -38 -39 39 -41 -42 42 -44 -45 -46 -47 47 -49 -50 -51 51 -53 53 -55 -56 -57 -58 -59 -60 -61 -62 -63
leaf_value=0.0053989267949315703 0.0019233017759291073 -0.0052166809162037782 0.00023107975436638444 0.016356602912758762 -0.0029659663630223002 0.0018253148212387456 -0.00025862530475972062 0.017681751065399678 0.00031017251975116946 -0.00015418449016874807 -0.00099393149453717161 0.0049017373335657347 0.013513565079408832 -0.0047837925703298556 0.0096894900171540458 -0.00071322584054526344 0.017248788835627697 0.0053987340490702987 -0.0038615134910536517 0.0049297706203133328 0.00029770477074331377 0.0016828481725145485 0.0028124752905659429 -0.00066528801523264153 0.00026280127634416929 0.0027691267463749491 -0.00028424341454307217 0.0054072982396269108 0.008884852267590098 0.018610725246804037 0.0030839262431041599 0.002526170578200297 0.0018766778836730596 0.00068124135304460393 0.0059038083458638315 0.010031071952522393 0.0007870028334615066 0.0018936986881116936 -0.00024883382068549754 0.0010497471155587403 0.0030486614110814716 0.024141234696788479 0.0068725661404261534 -0.0029240686317733517 -0.00017470172318532077 -0.0052317093287650683 0.010540279169364194 -0.0030680726745823794 0.0015449670051423056 0.0047493517380842775 -0.0016174627358709151 -0.0038172613302121781 0.014850127095511804 0.0043085015171013914 0.0016185336801507449 0.014128610281819566 -0.00025273079081226978 -3.5810647494535722e-05 0.00078880454408149833 0.0019390785228462445 0.002274727614183045 0
leaf_weight=346 1006 149 36673 93 1040 981 1248 73 5588 11946 20635 213 87 96 633 41639 74 1143 770 182 1707 7798 402 3863 1214 56 733 233 82 55 628 1522 109 2409 475 53 21722 3360 67910 2753 274 51 82 531 4484 718 73 54 5075 192 13294 1165 82 173 557 75 27412 33454 2602 1442 4093 9969
leaf_count=346 1006 149 36673 93 1040 981 1248 73 5588 11946 20635 213 87 96 633 41639 74 1143 770 182 1707 7798 402 3863 1214 56 733 233 82 55 628 1522 109 2409 475 53 21722 3360 67910 2753 274 51 82 531 4484 718 73 54 5075 192 13294 1165 82 173 557 75 27412 33454 2602 1442 4093 9969
internal_value=6.1477e-06 -7.7208e-05 -0.000336571 0.00299385 0.000579014 0.000454323 0.000582511 0.00292434 -0.000223757 0.000540605 -0.000318213 0.000443191 0.00269044 0.00592547 0.00552424 -0.000239018 0.00121369 0.00694441 -0.00107732 -0.000729298 -0.00152309 0.000792772 0.00206752 -0.0013999 0.00248172 0.00314079 0.0028769 0.00371235 0.00504155 0.00725035 0.0020036 0.00315839 0.00825902 0.0018798 0.00275475 0.000694938 0.00102452 0.00237547 -5.10865e-05 -0.000197881 0.00622127 0.00852078 0.0137473 -0.000276654 1.95507e-05 -0.00397826 -0.000623484 0.00456863 0.000900256 0.000735557 -0.00155943 -0.00179656 0.004798 0.00781863 0.0025963 0.00949175 -0.000530783 5.2423e-05 0.00110971 0.000910324 0.00252446 0.000165703
internal_weight=347551 338110 242359 9441 95751 90928 83921 4823 221336 24314 197022 76739 4750 2593 2500 176387 12368 1776 7007 6237 21023 40470 7182 20029 4663 3396 3265 2340 1334 695 724 1705 183 6848 4492 1267 29520 4017 107336 70663 640 366 133 5197 4666 994 276 127 10663 925 18322 14459 657 255 639 131 69051 36269 2815 2690 4439 10950
internal_count=347551 338110 242359 9441 95751 90928 83921 4823 221336 24314 197022 76739 4750 2593 2500 176387 12368 1776 7007 6237 21023 40470 7182 20029 4663 3396 3265 2340 1334 695 724 1705 183 6848 4492 1267 29520 4017 107336 70663 640 366 133 5197 4666 994 276 127 10663 925 18322 14459 657 255 639 131 69051 36269 2815 2690 4439 10950
is_linear=0
shrinkage=0.05


Tree=4
num_leaves=63
num_cat=0
split_feature=8 57 4 10 46 26 43 57 11 52 21 52 8 15 38 57 52 22 26 43 52 4 26 11 4 15 15 15 15 41 52 61 21 4 22 60 25 60 26 61 10 52 52 52 24 60 8 22 22 57 55 21 29 6 55 46 11 55 26 48 57 55
split_gain=30.517 19.2221 12.4803 10.5535 9.4071 7.26177 7.32759 5.15407 6.17867 4.37095 4.28234 4.19293 3.9804 3.96644 3.68575 2.74157 2.69658 2.45533 3.07337 3.00223 2.44955 2.7333 2.40552 2.45323 2.85716 2.38434 2.34393 2.28468 2.25854 2.11625 2.06552 1.99475 1.94787 1.71709 1.63189 1.62834 2.89672 1.59956 1.59659 1.5796 1.5184 1.51198 1.45285 2.95436 3.74519 3.04339 1.76899 1.40899 1.39853 1.54941 3.57762 1.61823 1.39721 1.39089 1.35037 2.00118 1.3258 1.27795 1.27309 1.25262 1.24092 1.22394
threshold=-0.17643503844738004 4.3150000572204599 0.2628255039453507 0.069169949740171446 1.6963000297546389 -0.29672613739967341 0.28125649690628057 12.574999809265138 0.055188583210110671 217090016.00000003 0.027323774062097076 75587480.000000015 -0.27841266989707941 0.020487179979681972 0.018993441015481952 1.2450000047683718 118868548.00000001 -0.056263662874698632 -0.24029351025819776 0.28125649690628057 540356576.00000012 0.0085078543052077311 -0.6009685993194579 0.076109007000923171 0.56406763195991527 0.0086040012538433092 0.046850377693772323 0.021429938264191154 0.13472526520490649 0.55000001192092907 -107043683.99999999 0.91841730475425731 0.10270376130938531 0.057898173108696944 -0.03031007386744022 38.694894790649421 0.11141040548682214 19.340426445007328 -0.057835193350911134 2.634850382804871 0.039114838466048248 691608608.00000012 1795084032.0000002 2981753088.0000005 -0.29984380304813379 47.348043441772468 0.40220393240451818 -0.034721711650490754 -0.072104450315237031 2.6149998903274541 2.789951086044312 0.21091333031654361 0.40000660717487341 -0.038605710491538041 6.4979019165039071 6.9388999938964853 0.074060041457414641 2.5286598205566411 -0.6009685993194579 4.8394970893859872 10.085000038146974 11.196064949035646
decision_type=2 2 2 2 2 2 2 2 2 2 2 2 2 2 2 2 2 2 2 2 2 2 2 2 2 2 2 2 2 2 2 2 2 2 2 2 2 2 2 2 2 2 2 2 2 2 2 2 2 2 2 2 2 2 2 2 2 2 2 2 2 2
left_child=3 4 7 60 10 20 11 8 16 12 13 30 15 14 -2 -5 47 18 -10 -20 21 56 35 24 -24 -25 -17 -11 58 31 57 48 59 -13 37 36 -4 -32 -14 -27 -21 -9 46 44 45 -44 54 -3 49 -8 -51 -52 -12 -49 -41 -56 -6 -7 -23 -31 -1 -26
right_child=1 2 22 9 5 6 29 41 17 27 52 33 38 -15 -16 26 -18 -19 19 40 -22 28 23 25 61 39 -28 -29 -30 32 34 -33 -34 -35 -36 -37 -38 -39 -40 42 -42 -43 43 -45 -46 -47 -48 53 -50 50 51 -53 -54 -55 55 -57 -58 -59 -60 -61 -62 -63
leaf_value=0.0021774842689830736 0.0037800495157776677 0.00020940555102394302 0.0073109173846910517 0.019117016748361689 -0.0046311683648084523 0.0010741237853975863 0.0013796347829133178 -0.00055053727564634606 4.5993773214599286e-05 -0.0088552878337722386 0.0016061953133792947 0.00027371888874528689 0.0062356489245842034 0.0050299405572235591 0.021757569511998101 0.0025480875162983072 -0.00046039091522213438 0.0001821157458743246 0.00065272410855989787 0.0012646540406311309 -0.0022490768239319969 0.0069818079327072574 -0.0012659903150668934 0.0084026158218515803 -0.0040333741344753954 0.00040967189291832279 0.0095585170157674142 0.0021692628912613038 -0.0056988488241202298 0.0013198787180819663 0.0020400721095734683 0 0.0052701664444058851 -0.00044489063176511253 0.00057312108940166587 -0.0048600870574344486 -0.0044042426345412521 0.00096715729265203602 0.0030644686659214559 -0.004453991823925257 0.0032412695455098922 -0.0016244003898676772 0.016035183975941308 -0.0031333524094179135 -0.00067879324405832706 0.0016626647376316661 -0.0029116986305290737 0.00044166420232662771 0.0014787254283904704 0.017208180113418684 0.0028870154433292758 0.0101401658592796 0.0048589016617057133 -0.00031717671016501193 0.0089018183131072976 -0.00064944645483707255 -0.00046800982198645343 -0.00017565095870085515 0.00027276042858314433 0.0055590897965734701 0.00072615833827292657 -0.0018851123462711014
leaf_weight=4085 50 40432 84 65 495 2798 598 47117 3978 51 1406 24386 849 438 81 163 52415 12125 3570 1495 2706 72 16706 74 1440 2727 591 484 157 1047 5334 1694 805 12605 13184 753 140 10456 835 231 3070 3554 89 213 168 70 1312 7151 3977 55 631 92 451 38107 55 3276 335 7530 3838 217 2401 1348
leaf_count=4085 50 40432 84 65 495 2798 598 47117 3978 51 1406 24386 849 438 81 163 52415 12125 3570 1495 2706 72 16706 74 1440 2727 591 484 157 1047 5334 1694 805 12605 13184 753 140 10456 835 231 3070 3554 89 213 168 70 1312 7151 3977 55 631 92 451 38107 55 3276 335 7530 3838 217 2401 1348
internal_value=-1.85758e-06 -8.07801e-05 -0.000318085 0.00278914 0.000519939 0.000439452 0.000571456 -0.000186098 -4.85248e-05 0.00522467 0.00359475 0.000410944 0.00610353 0.00740959 0.0151265 0.00899651 -0.000177894 0.000687559 0.00119141 0.00174841 -0.00104008 -0.00036675 -0.00129729 -0.00120993 -0.00151594 -0.000480697 0.00807883 0.00106435 0.000161181 0.00191197 0.000770571 0.00149254 0.00332776 2.8168e-05 0.000987149 -0.00374742 0 0.00133123 0.00467946 -0.000565027 0.00259963 -0.000626365 -0.00106059 0.00137654 0.00439081 0.00988945 -0.00133584 -4.8017e-06 0.00196573 0.00335407 0.00483773 0.00385089 0.00241072 -0.00019672 -0.000748059 -0.000482924 -0.00298225 0.000160546 0.000403573 0.00206934 0.00164418 -0.00300418
internal_weight=346662 337138 241700 9524 95438 93012 85409 213014 162343 3038 2426 76293 2503 569 131 819 138105 24238 12113 8135 7603 4897 28686 27709 19494 8215 754 535 4067 9116 39302 7047 2069 36991 28974 977 224 15790 1684 8141 4565 50671 5414 540 327 159 4874 85690 5353 1376 778 723 1857 45258 3562 3331 830 10328 3910 1264 6486 2788
internal_count=346662 337138 241700 9524 95438 93012 85409 213014 162343 3038 2426 76293 2503 569 131 819 138105 24238 12113 8135 7603 4897 28686 27709 19494 8215 754 535 4067 9116 39302 7047 2069 36991 28974 977 224 15790 1684 8141 4565 50671 5414 540 327 159 4874 85690 5353 1376 778 723 1857 45258 3562 3331 830 10328 3910 1264 6486 2788
is_linear=0
shrinkage=0.05


end of trees

feature_importances:
Column_52=31
Column_26=26
Column_15=18
Column_54=17
Column_8=16
Column_57=15
Column_4=13
Column_11=12
Column_30=12
Column_25=10
Column_43=10
Column_20=9
Column_21=9
Column_22=9
Column_60=9
Column_55=8
Column_10=7
Column_46=7
Column_53=7
Column_7=6
Column_24=6
Column_61=6
Column_9=3
Column_12=3
Column_28=3
Column_38=3
Column_44=3
Column_51=3
Column_58=3
Column_23=2
Column_29=2
Column_35=2
Column_36=2
Column_39=2
Column_45=2
Column_47=2
Column_49=2
Column_59=2
Column_2=1
Column_6=1
Column_19=1
Column_31=1
Column_40=1
Column_41=1
Column_48=1
Column_50=1

parameters:
[boosting: gbdt]
[objective: regression]
[metric: rmse]
[tree_learner: serial]
[device_type: cpu]
[data_sample_strategy: bagging]
[data: ]
[valid: ]
[num_iterations: 500]
[learning_rate: 0.05]
[num_leaves: 63]
[num_threads: 4]
[seed: 0]
[deterministic: 0]
[force_col_wise: 0]
[force_row_wise: 0]
[histogram_pool_size: -1]
[max_depth: -1]
[min_data_in_leaf: 50]
[min_sum_hessian_in_leaf: 0.001]
[bagging_fraction: 0.8]
[pos_bagging_fraction: 1]
[neg_bagging_fraction: 1]
[bagging_freq: 1]
[bagging_seed: 3]
[bagging_by_query: 0]
[feature_fraction: 0.8]
[feature_fraction_bynode: 1]
[feature_fraction_seed: 2]
[extra_trees: 0]
[extra_seed: 6]
[early_stopping_round: 0]
[early_stopping_min_delta: 0]
[first_metric_only: 0]
[max_delta_step: 0]
[lambda_l1: 0.5]
[lambda_l2: 0.5]
[linear_lambda: 0]
[min_gain_to_split: 0]
[drop_rate: 0.1]
[max_drop: 50]
[skip_drop: 0.5]
[xgboost_dart_mode: 0]
[uniform_drop: 0]
[drop_seed: 4]
[top_rate: 0.2]
[other_rate: 0.1]
[min_data_per_group: 100]
[max_cat_threshold: 32]
[cat_l2: 10]
[cat_smooth: 10]
[max_cat_to_onehot: 4]
[top_k: 20]
[monotone_constraints: ]
[monotone_constraints_method: basic]
[monotone_penalty: 0]
[feature_contri: ]
[forcedsplits_filename: ]
[refit_decay_rate: 0.9]
[cegb_tradeoff: 1]
[cegb_penalty_split: 0]
[cegb_penalty_feature_lazy: ]
[cegb_penalty_feature_coupled: ]
[path_smooth: 0]
[interaction_constraints: ]
[verbosity: -1]
[saved_feature_importance_type: 0]
[use_quantized_grad: 0]
[num_grad_quant_bins: 4]
[quant_train_renew_leaf: 0]
[stochastic_rounding: 1]
[linear_tree: 0]
[max_bin: 255]
[max_bin_by_feature: ]
[min_data_in_bin: 3]
[bin_construct_sample_cnt: 200000]
[data_random_seed: 1]
[is_enable_sparse: 1]
[enable_bundle: 1]
[use_missing: 1]
[zero_as_missing: 0]
[feature_pre_filter: 1]
[pre_partition: 0]
[two_round: 0]
[header: 0]
[label_column: ]
[weight_column: ]
[group_column: ]
[ignore_column: ]
[categorical_feature: ]
[forcedbins_filename: ]
[precise_float_parser: 0]
[parser_config_file: ]
[objective_seed: 5]
[num_class: 1]
[is_unbalance: 0]
[scale_pos_weight: 1]
[sigmoid: 1]
[boost_from_average: 1]
[reg_sqrt: 0]
[alpha: 0.9]
[fair_c: 1]
[poisson_max_delta_step: 0.7]
[tweedie_variance_power: 1.5]
[lambdarank_truncation_level: 30]
[lambdarank_norm: 1]
[label_gain: ]
[lambdarank_position_bias_regularization: 0]
[eval_at: ]
[multi_error_top_k: 1]
[auc_mu_weights: ]
[num_machines: 1]
[local_listen_port: 12400]
[time_out: 120]
[machine_list_filename: ]
[machines: ]
[gpu_platform_id: -1]
[gpu_device_id: -1]
[gpu_use_dp: 0]
[num_gpu: 1]

end of parameters

pandas_categorical:null
