tree
version=v4
num_class=1
num_tree_per_iteration=1
label_index=0
max_feature_idx=19
objective=binary sigmoid:1
feature_names=Column_0 Column_1 Column_2 Column_3 Column_4 Column_5 Column_6 Column_7 Column_8 Column_9 Column_10 Column_11 Column_12 Column_13 Column_14 Column_15 Column_16 Column_17 Column_18 Column_19
feature_infos=[-0.36288660764694214:0.66162067651748657] [-0.48813560605049133:1.1762768030166626] [-0.67254406213760376:2.0055556297302246] [-0.16030533611774445:0.27170437574386597] [-0.44727891683578491:0.68821036815643311] [-0.68235260248184204:1.4324932098388672] [0.0015540780732408166:0.34237897396087646] [0.00304833659902215:0.7143358588218689] [0.0057471264153718948:0.19285714626312256] [-0.79230636358261108:0] [0.00081499590305611491:1] [-0.95817989110946655:9.9768610000610352] [-0.7724577784538269:2.4750065803527832] [-0.99172753095626831:0.99660992622375488] [0:1] [0:1] [0.05000000074505806:0.89999997615814209] [0:1] [0:1] [0:1]
tree_sizes=1725 1797 1795 1804

Tree=0
num_leaves=15
num_cat=0
split_feature=6 7 11 6 5 18 18 6 10 5 3 9 2 2
split_gain=754.53 417.181 241.521 165.708 115.962 109.246 96.2118 88.1295 78.9356 68.3137 67.8238 69.1174 54.4311 48.4032
threshold=0.014571374747902157 0.05939865484833718 -0.20067656040191648 0.081824202090501799 -0.088167387992143617 1.0000000180025095e-35 1.0000000180025095e-35 0.0089078154414892214 0.18914457410573962 -0.20634587854146955 0.019707661122083667 -0.20703939348459241 -0.16940171271562574 -0.12946133315563199
decision_type=2 2 2 2 2 2 2 2 2 2 2 2 2 2
left_child=7 2 4 8 -2 10 -6 -1 9 -3 11 -4 -5 -10
right_child=1 3 5 12 6 -7 -8 -9 13 -11 -12 -13 -14 -15
leaf_value=0.11603490558140503 0.13017154363880135 0.14242006635970014 0.13212114037206799 0.15647537628081482 0.119541915886773 0.13483211653416821 0.12874101240618688 0.12377457315397346 0.15055358092321464 0.13276652550387119 0.13325775710176871 0.12565596299462634 0.14225875981724703 0.13939866285643721
leaf_weight=778.93567228317261 1846.5516066849232 363.58774155378342 1158.4555921554565 246.96798974275589 1167.4096105098724 4482.7537063658237 752.59334537386894 2486.8917396962643 197.6521472632885 1499.6425201892853 2018.7827636897564 1555.2462649941444 197.72260192036629 759.84981295466423
leaf_count=2862 6948 1396 4373 970 4315 16998 2825 9258 769 5667 7635 5808 759 2903
internal_value=0.130695 0.132459 0.130851 0.138847 0.126584 0.132596 0.12314 0.121923 0.137052 0.134647 0.130476 0.128411 0.150194 0.141719
internal_weight=19513 16247.2 12981.8 3265.42 3766.55 9215.24 1920 3265.83 2820.73 1863.23 4732.48 2713.7 444.691 957.502
internal_count=73486 61366 48902 12464 14088 34814 7140 12120 10735 7063 17816 10181 1729 3672
is_linear=0
shrinkage=1


Tree=1
num_leaves=15
num_cat=0
split_feature=8 8 8 8 5 13 4 10 14 1 17 5 8 8
split_gain=1759.88 527.491 230.145 163.188 146.269 64.4232 60.3006 57.7201 44.7927 34.955 34.2833 34.2252 33.6749 33.4526
threshold=0.02522339299321175 0.05205060541629792 0.019718286581337455 0.0334138572216034 -0.20634587854146955 0.11796916648745538 -0.040050607174634927 0.19887419790029529 1.0000000180025095e-35 -0.010433875489979981 1.0000000180025095e-35 -0.1941510736942291 0.014327407814562322 0.062557674944400801
decision_type=2 2 2 2 2 2 2 2 2 2 2 2 2 2
left_child=2 3 12 8 13 7 11 -6 -2 -10 -8 -5 -1 -3
right_child=1 4 -4 6 5 -7 10 -9 9 -11 -12 -13 -14 -15
leaf_value=-0.023941424503997961 -0.0049915972246501218 0.015432107013612056 -0.0096767136922244028 0.0047032801693081315 0.0059875176747422329 0.0046000378896893122 0.0034172598727998226 0.018408236345557581 0.0016449616168023934 -0.0033782936190235174 -0.0038476058293575024 -0.0014775802191412399 -0.01724591886845769 0.027729810491067645
leaf_weight=394.64202956855297 3103.0358257591724 186.86738382279873 2909.1784680336714 404.97134719789028 277.07455351948738 1037.4371938556433 3563.3809634149075 334.73099711537361 944.51452150940895 1333.3032968044281 278.58026044070721 3054.7504203617573 1497.5053818970919 183.62503907084465
leaf_count=1432 11638 726 10824 1545 1059 3956 13557 1306 3583 5015 1047 11528 5499 728
internal_value=-0.00270567 0.000727025 -0.0132181 -0.000784156 0.010219 0.00765425 0.00116234 0.012809 -0.00342722 -0.00129107 0.00288745 -0.000750626 -0.0186536 0.0215833
internal_weight=19503.6 14702.3 4801.33 12682.5 2019.74 1649.24 7301.68 611.806 5380.85 2277.82 3841.96 3459.72 1892.15 370.492
internal_count=73443 55688 17755 47913 7775 6321 27677 2365 20236 8598 14604 13073 6931 1454
is_linear=0
shrinkage=0.02


Tree=2
num_leaves=15
num_cat=0
split_feature=8 8 8 8 5 11 11 8 18 10 5 17 15 4
split_gain=1676.86 467.125 217.327 175.214 120.27 90.1335 83.6441 52.6504 48.9353 44.0561 66.5633 38.7053 38.105 35.2943
threshold=0.02522339299321175 0.053793905302882201 0.019718286581337455 0.0334138572216034 -0.20204890519380567 -0.26780393719673151 -0.37871915102004999 0.014327407814562322 1.0000000180025095e-35 0.15834555029869082 -0.10482762008905409 1.0000000180025095e-35 0.45000000298023229 -0.047430267557501786
decision_type=2 2 2 2 2 2 2 2 2 2 2 2 2 2
left_child=2 3 7 5 -3 -2 -5 -1 -4 -6 -11 13 -10 -8
right_child=1 4 8 6 9 -7 11 -9 12 10 -12 -13 -14 -15
leaf_value=-0.024597867819717626 -0.0081899659613038685 0.020969462696974358 -0.01145758142429929 -0.0040283200110014508 0.0022213235883265479 -0.0019478083236254462 0.00063004338501836772 -0.016380441429013477 -0.003381499883557178 0.018961519199246494 0.0069772676210380323 -0.0038940610047913829 -0.011284622822473783 0.0037457532078792829
leaf_weight=406.73274447023869 1189.3798786103725 351.67093203961849 1819.250246450305 991.51341912150383 401.31046202778816 4198.2191359102726 2333.7945541739464 1486.8122215569019 724.35597208142281 253.4323942065239 711.16845977306366 390.97148625552654 372.49640028178692 3897.2010931074619
leaf_count=1471 4434 1382 6741 3725 1525 15824 8840 5459 2722 991 2725 1469 1381 14840
internal_value=-0.00262308 0.000726565 -0.0128749 -0.000567885 0.0105279 -0.00332833 0.00138429 -0.0181568 -0.00943912 0.00782561 0.0101445 0.00219648 -0.00607847 0.00258053
internal_weight=19528.3 14718.7 4809.65 13001.1 1717.58 5387.6 7613.48 1893.54 2916.1 1365.91 964.601 6621.97 1096.85 6231
internal_count=73529 55755 17774 49132 6623 20258 28874 6930 10844 5241 3716 25149 4103 23680
is_linear=0
shrinkage=0.02


Tree=3
num_leaves=15
num_cat=0
split_feature=6 7 11 5 18 5 9 3 6 5 18 10 5 10
split_gain=735.102 377.585 196.254 113.586 111.63 90.5542 84.1392 95.2376 69.3979 68.5076 61.544 55.5357 44.3468 43.9241
threshold=0.015817147679626945 0.082111399620771422 -0.27999788522720331 -0.073192026466131196 1.0000000180025095e-35 -0.25216881930828089 -0.2291716858744621 0.019707661122083667 0.0089078154414892214 -0.1368177533149719 1.0000000180025095e-35 0.12209914252161981 -0.18716186285018918 0.16565340757369998
decision_type=2 2 2 2 2 2 2 2 2 2 2 2 2 2
left_child=3 2 9 -1 6 -3 12 -8 -5 -2 -11 -10 -4 -7
right_child=1 5 4 8 -6 13 7 -9 11 10 -12 -13 -14 -15
leaf_value=-0.003184505520942368 0.00024108685860568766 0.024039596651693317 0.011340118912130716 -0.017107147705818396 0.0019409367447475062 0.0047814002109180607 -0.0067863947183595908 -0.00038168935220367074 -0.017215391481970207 -0.0098913734522938605 -0.0035463302065796608 -0.0087957809504746118 0.00046344012743693239 0.013662531233907579
leaf_weight=788.99327637255192 620.75211016833782 175.06465995311737 164.27458167076111 732.20968379080296 5685.148868650198 565.39601658284664 1973.7188977450132 1760.2741083800793 372.35789686441422 1428.7606207430363 1081.0547503978014 2111.7766252160072 1696.881149828434 373.84608832001686
leaf_count=2964 2349 693 634 2680 21582 2160 7373 6656 1364 5308 4062 7854 6425 1451
internal_value=-0.00236589 -0.000394285 -0.00126236 -0.0100046 -3.1843e-05 0.0108187 -0.00203814 -0.00377023 -0.0116737 -0.00569235 -0.0071636 -0.0100651 0.00143163 0.00833238
internal_weight=19530.5 15525.2 14410.9 4005.34 11280.3 1114.31 5595.15 3733.99 3216.34 3130.57 2509.82 2484.13 1861.16 939.242
internal_count=73555 58693 54389 14862 42670 4304 21088 14029 11898 11719 9370 9218 7059 3611
is_linear=0
shrinkage=0.02


end of trees

feature_importances:
Column_8=11
Column_5=10
Column_6=5
Column_10=5
Column_18=5
Column_11=4
Column_2=2
Column_3=2
Column_4=2
Column_7=2
Column_9=2
Column_17=2
Column_1=1
Column_13=1
Column_14=1
Column_15=1

parameters:
[boosting: gbdt]
[objective: binary]
[metric: auc]
[tree_learner: serial]
[device_type: cpu]
[data_sample_strategy: bagging]
[data: ]
[valid: ]
[num_iterations: 300]
[learning_rate: 0.02]
[num_leaves: 15]
[num_threads: 4]
[seed: 0]
[deterministic: 0]
[force_col_wise: 0]
[force_row_wise: 0]
[histogram_pool_size: -1]
[max_depth: -1]
[min_data_in_leaf: 30]
[min_sum_hessian_in_leaf: 0.001]
[bagging_fraction: 0.8]
[pos_bagging_fraction: 1]
[neg_bagging_fraction: 1]
[bagging_freq: 1]
[bagging_seed: 3]
[bagging_by_query: 0]
[feature_fraction: 0.8]
[feature_fraction_bynode: 1]
[feature_fraction_seed: 2]
[extra_trees: 0]
[extra_seed: 6]
[early_stopping_round: 0]
[early_stopping_min_delta: 0]
[first_metric_only: 0]
[max_delta_step: 0]
[lambda_l1: 0.5]
[lambda_l2: 0.5]
[linear_lambda: 0]
[min_gain_to_split: 0]
[drop_rate: 0.1]
[max_drop: 50]
[skip_drop: 0.5]
[xgboost_dart_mode: 0]
[uniform_drop: 0]
[drop_seed: 4]
[top_rate: 0.2]
[other_rate: 0.1]
[min_data_per_group: 100]
[max_cat_threshold: 32]
[cat_l2: 10]
[cat_smooth: 10]
[max_cat_to_onehot: 4]
[top_k: 20]
[monotone_constraints: ]
[monotone_constraints_method: basic]
[monotone_penalty: 0]
[feature_contri: ]
[forcedsplits_filename: ]
[refit_decay_rate: 0.9]
[cegb_tradeoff: 1]
[cegb_penalty_split: 0]
[cegb_penalty_feature_lazy: ]
[cegb_penalty_feature_coupled: ]
[path_smooth: 0]
[interaction_constraints: ]
[verbosity: -1]
[saved_feature_importance_type: 0]
[use_quantized_grad: 0]
[num_grad_quant_bins: 4]
[quant_train_renew_leaf: 0]
[stochastic_rounding: 1]
[linear_tree: 0]
[max_bin: 255]
[max_bin_by_feature: ]
[min_data_in_bin: 3]
[bin_construct_sample_cnt: 200000]
[data_random_seed: 1]
[is_enable_sparse: 1]
[enable_bundle: 1]
[use_missing: 1]
[zero_as_missing: 0]
[feature_pre_filter: 1]
[pre_partition: 0]
[two_round: 0]
[header: 0]
[label_column: ]
[weight_column: ]
[group_column: ]
[ignore_column: ]
[categorical_feature: ]
[forcedbins_filename: ]
[precise_float_parser: 0]
[parser_config_file: ]
[objective_seed: 5]
[num_class: 1]
[is_unbalance: 1]
[scale_pos_weight: 1]
[sigmoid: 1]
[boost_from_average: 1]
[reg_sqrt: 0]
[alpha: 0.9]
[fair_c: 1]
[poisson_max_delta_step: 0.7]
[tweedie_variance_power: 1.5]
[lambdarank_truncation_level: 30]
[lambdarank_norm: 1]
[label_gain: ]
[lambdarank_position_bias_regularization: 0]
[eval_at: ]
[multi_error_top_k: 1]
[auc_mu_weights: ]
[num_machines: 1]
[local_listen_port: 12400]
[time_out: 120]
[machine_list_filename: ]
[machines: ]
[gpu_platform_id: -1]
[gpu_device_id: -1]
[gpu_use_dp: 0]
[num_gpu: 1]

end of parameters

pandas_categorical:null
